  -160.0000       160.0733    
  -150.0000       160.0733    
  -140.0000       160.0733    
  -130.0000       160.0733    
  -120.0000       160.0733    
  -110.0000       160.0733    
  -100.0000       160.0733    
  -90.00000       160.0733    
  -80.00000       160.0733    
  -70.00000       160.0733    
  -60.00000       160.0733    
  -50.00000       160.0733    
  -40.00000       160.0733    
  -30.00000       160.0733    
  -20.00000       160.0036    
  -10.00000       159.4596    
  0.0000000E+00   156.7093    
   10.00000       152.4236    
   20.00000       150.5447    
   30.00000       151.4233    
   40.00000       152.3548    
   50.00000       153.2781    
   60.00000       155.8707    
   70.00000       162.3660    
   80.00000       173.7415    
   90.00000       188.6774    
   100.0000       203.1835    
   110.0000       212.3471    
   120.0000       215.4140    
   130.0000       214.1222    
   140.0000       208.4061    
   150.0000       199.6281    
   160.0000       188.8809    
   170.0000       175.8115    
   180.0000       163.3392    
   190.0000       154.2229    
   200.0000       148.3374    
   210.0000       145.5387    
   220.0000       144.2569    
   230.0000       141.6348    
   240.0000       137.8247    
   250.0000       134.5035    
   260.0000       132.8887    
   270.0000       134.7299    
   280.0000       139.5178    
   290.0000       143.8306    
   300.0000       146.8721    
   310.0000       152.3231    
   320.0000       162.9568    
   330.0000       175.8184    
   340.0000       184.8635    
   350.0000       187.1110    
   360.0000       182.9388    
   370.0000       175.4641    
   380.0000       167.4512    
   390.0000       157.4561    
   400.0000       144.3322    
   410.0000       130.9853    
   420.0000       119.8895    
   430.0000       110.9879    
   440.0000       104.0157    
   450.0000       101.0119    
   460.0000       105.3195    
   470.0000       115.9657    
   480.0000       128.1478    
   490.0000       138.2238    
   500.0000       145.4384    
   510.0000       151.2118    
   520.0000       157.7665    
   530.0000       166.2192    
   540.0000       175.1196    
   550.0000       181.5007    
   560.0000       184.4054    
   570.0000       185.0667    
   580.0000       184.9707    
   590.0000       183.9233    
   600.0000       180.2109    
   610.0000       175.5157    
   620.0000       171.5257    
   630.0000       166.5581    
   640.0000       160.6523    
   650.0000       156.0286    
   660.0000       154.5438    
   670.0000       154.5683    
   680.0000       151.0196    
   690.0000       142.3826    
   700.0000       131.2056    
   710.0000       120.4200    
   720.0000       112.8275    
   730.0000       108.3399    
   740.0000       103.7068    
   750.0000       97.90672    
   760.0000       93.80888    
   770.0000       93.18540    
   780.0000       96.41872    
   790.0000       103.9022    
   800.0000       113.1744    
   810.0000       119.1219    
   820.0000       119.1933    
   830.0000       116.3980    
   840.0000       114.9123    
   850.0000       112.5697    
   860.0000       106.9512    
   870.0000       103.7885    
   880.0000       107.6010    
   890.0000       114.6091    
   900.0000       118.9206    
   910.0000       118.8964    
   920.0000       116.9419    
   930.0000       117.4030    
   940.0000       124.3534    
   950.0000       139.3998    
   960.0000       159.7048    
   970.0000       180.6286    
   980.0000       200.4890    
   990.0000       218.7851    
   1000.000       234.1850    
   1010.000       246.5328    
   1020.000       254.5701    
   1030.000       255.8591    
   1040.000       252.3643    
   1050.000       246.8826    
   1060.000       239.5127    
   1070.000       230.3667    
   1080.000       220.1133    
   1090.000       210.2809    
   1100.000       203.5186    
   1110.000       201.8251    
   1120.000       204.4162    
   1130.000       205.7282    
   1140.000       200.6565    
   1150.000       190.0221    
   1160.000       178.2400    
   1170.000       169.7643    
   1180.000       166.2731    
   1190.000       166.9619    
   1200.000       170.0042    
   1210.000       171.8586    
   1220.000       171.5135    
   1230.000       171.5962    
   1240.000       172.5612    
   1250.000       172.6246    
   1260.000       170.5670    
   1270.000       165.9901    
   1280.000       159.8973    
   1290.000       153.3273    
   1300.000       147.1697    
   1310.000       142.2664    
   1320.000       138.4592    
   1330.000       135.2429    
   1340.000       132.1539    
   1350.000       129.3175    
   1360.000       128.7592    
   1370.000       133.0398    
   1380.000       141.6752    
   1390.000       150.1763    
   1400.000       153.9027    
   1410.000       154.2345    
   1420.000       154.5612    
   1430.000       152.3599    
   1440.000       145.2302    
   1450.000       137.3325    
   1460.000       131.4880    
   1470.000       126.4365    
   1480.000       120.5033    
   1490.000       112.8987    
   1500.000       103.5550    
   1510.000       89.89952    
   1520.000       69.52984    
   1530.000       45.96494    
   1540.000       25.40625    
   1550.000       11.42718    
   1560.000       4.828526    
   1570.000       3.850601    
   1580.000       4.613228    
   1590.000       4.923060    
   1600.000       5.066160    
   1610.000       4.768098    
   1620.000       4.115685    
   1630.000       4.255365    
   1640.000       4.101807    
   1650.000       2.149194    
   1660.000      0.0000000E+00
   1670.000      0.2294660    
   1680.000       3.770509    
   1690.000       9.587449    
   1700.000       15.91894    
   1710.000       23.88393    
   1720.000       35.25352    
   1730.000       45.58383    
   1740.000       51.65584    
   1750.000       57.92379    
   1760.000       67.73233    
   1770.000       78.43813    
   1780.000       88.00339    
   1790.000       98.73194    
   1800.000       112.7316    
   1810.000       129.3873    
   1820.000       146.6827    
   1830.000       163.0514    
   1840.000       177.8886    
   1850.000       189.8147    
   1860.000       195.4036    
   1870.000       191.6455    
   1880.000       179.5080    
   1890.000       166.0420    
   1900.000       158.3305    
   1910.000       157.4992    
   1920.000       161.2209    
   1930.000       164.4328    
   1940.000       161.5556    
   1950.000       151.7401    
   1960.000       138.0274    
   1970.000       125.8805    
   1980.000       121.6648    
   1990.000       125.6772    
   2000.000       133.3643    
   2010.000       143.4315    
   2020.000       156.5808    
   2030.000       170.4122    
   2040.000       181.6132    
   2050.000       189.7827    
   2060.000       195.6164    
   2070.000       200.5785    
   2080.000       207.6898    
   2090.000       216.4353    
   2100.000       222.8549    
   2110.000       225.7300    
   2120.000       226.1533    
   2130.000       226.2383    
   2140.000       226.2996    
   2150.000       222.2938    
   2160.000       211.8707    
   2170.000       196.6012    
   2180.000       179.9280    
   2190.000       167.8665    
   2200.000       162.7634    
   2210.000       160.7505    
   2220.000       159.7950    
   2230.000       160.0573    
   2240.000       160.5287    
   2250.000       158.8729    
   2260.000       152.3391    
   2270.000       142.2340    
   2280.000       131.7832    
   2290.000       120.0561    
   2300.000       106.8644    
   2310.000       94.65284    
   2320.000       83.99312    
   2330.000       75.28653    
   2340.000       68.67849    
   2350.000       63.32669    
   2360.000       58.61036    
   2370.000       53.08583    
   2380.000       46.10032    
   2390.000       40.87585    
   2400.000       40.38006    
   2410.000       43.05778    
   2420.000       44.78371    
   2430.000       44.04620    
   2440.000       43.25282    
   2450.000       45.73813    
   2460.000       54.03495    
   2470.000       66.91458    
   2480.000       80.59029    
   2490.000       94.84567    
   2500.000       109.4646    
   2510.000       120.6622    
   2520.000       127.2175    
   2530.000       131.6826    
   2540.000       137.4708    
   2550.000       147.2964    
   2560.000       160.8395    
   2570.000       174.3721    
   2580.000       186.2179    
   2590.000       201.0183    
   2600.000       221.4465    
   2610.000       241.9601    
   2620.000       257.4063    
   2630.000       268.6215    
   2640.000       278.0059    
   2650.000       284.2644    
   2660.000       285.8659    
   2670.000       287.5029    
   2680.000       293.2029    
   2690.000       299.2912    
   2700.000       300.0000    
   2710.000       293.2265    
   2720.000       280.3893    
   2730.000       264.5513    
   2740.000       249.0424    
   2750.000       236.6748    
   2760.000       228.0657    
   2770.000       220.1719    
   2780.000       211.0756    
   2790.000       203.1479    
   2800.000       197.7344    
   2810.000       193.0881    
   2820.000       188.3006    
   2830.000       182.3387    
   2840.000       174.6466    
   2850.000       167.3981    
   2860.000       162.3269    
   2870.000       159.9040    
   2880.000       159.8190    
   2890.000       158.9425    
   2900.000       153.5401    
   2910.000       144.3440    
   2920.000       134.1137    
   2930.000       121.6963    
   2940.000       105.7418    
   2950.000       91.48873    
   2960.000       83.48111    
   2970.000       78.22872    
   2980.000       70.72128    
   2990.000       59.08315    
   3000.000       47.38503    
   3010.000       41.30984    
   3020.000       40.16031    
   3030.000       40.02020    
   3040.000       40.02020    
   3050.000       40.02020    
   3060.000       40.02020    
   3070.000       40.02020    
   3080.000       40.02020    
   3090.000       40.02020    
   3100.000       40.02020    
   3110.000       40.02020    
   3120.000       40.02020    
   3130.000       40.02020    
   3140.000       40.02020    
   3150.000       40.02020    
   3160.000       40.02020    
